11011
11035
11036
11120
11239
33041 
26850
06447
06476
15614
14240
17601
17607
17609
11520
06181
06011
02836
02935
02963
07110
07145
07180
07481 			
07510   
07645 	
07690
07761
37549
10035	
10184
10393
10410
10486	
10499
10548
10618
10739		
1076
10771
10868
10401                   
10200
10554      
10361
10272
10338
10499
08495
16622
16641
16716
16754
04202
04220
04270
04320
04339	
04360
12843
12982
04005
04018
03953	
40179
16044
16080
16144
16245
16320
16429
16560
40250
40265 
26422
40100
26629
13586
06260
06235
01001
01028
01152
01241
01384
01400
01415
12120	
12374
12425
08508	
08579
33815
15120
15420
15480
26063
26258
26477
26702
26781	
27037
27199
27459
27595
27612
27730
27962	
27995
34122	
34172
34247
34731
34858
34880
20744
21824	
21946
20891	
20674
21432
21982
26298
30309
37018
11952
14015
08001
08023
08160
08221
08301
08430
02185
02527		
02365
06610
40080
17030
17062
17130
17220	
17240
17280
17352
38507
38880
33317
33345	
33393
33631
33658
33837
33946
34300
03005
03026
03130
03132
03213
03240
03496
03502	
03693
03743
03808
03882 
03920
03921
03257
03649
03763
03171	
03354
03091
03414
03377
03696	
03066
03590
03204
03023
03715
03162
03495	
03918
13275